-3.122788679087324937e-01 3.016213487536616444e+00
3.292832438338152645e+00 9.134412811189136505e+00
4.115856345237532965e-01 7.639618513804859568e+00
2.241184637393057955e+00 4.110190972844595336e+00
2.527270473556857411e+00 2.120472117644063736e+00
1.608260404640567298e+00 4.473713762193228582e+00
1.902240888158077681e+00 6.724735042834385723e+00
2.420906911006821538e+00 1.924360800831150797e+00
1.091008514756799608e+00 3.555940330460759302e+00
1.222980034003564587e+00 5.572210733655228232e+00
2.660512136124289384e+00 3.354766786589292948e+00
-1.814297336549698159e+00 4.307847053926743719e+00
-3.521783182093189968e-01 3.928868848117846646e+00
2.822991632915794913e+00 3.292503209100217099e+00
-5.808064478461938407e-02 5.260155056092253645e+00
1.351275829990412625e-01 7.029196729396644194e+00
2.302078702761915174e+00 5.313367438079646732e+00
2.602689862084940131e+00 6.056261251122300848e+00
1.377257323484639695e+00 2.935923904557002473e+00
1.240836127514034715e+00 3.999071163268599349e+00
-1.538332517294415780e+00 4.524367944266532326e+00
-5.262517604860148523e-01 2.596569570616410694e+00
8.243149646627200289e-01 4.535208493082330428e+00
-4.240362188493156381e-01 4.728899303531896692e+00
1.621262449347645296e+00 3.056809127347780652e+00
-5.432047462289935069e-01 3.322635893200389212e+00
-1.214029054889631976e+00 6.275896890635535463e+00
2.315006109930216605e-01 4.067596831476373964e+00
-1.690774172275218312e+00 5.794351982505759224e+00
2.657937670289638454e+00 5.122494985166767378e+00
6.885434024753567250e-02 3.806016924883389496e+00
-1.077687202469503447e+00 6.250450813979306908e+00
3.253241570983300690e+00 2.065782436105554787e+00
4.875380001151929932e-01 4.941570848546021466e+00
1.143404138222844146e+00 5.809625683673042218e+00
-1.033772879946963208e+00 3.506414266130577495e+00
-4.560100937820099620e-01 1.082235944125903959e+00
5.976441301654559224e-01 5.631114629055452347e+00
2.269723904764468614e+00 4.901134806732790672e+00
-2.354017245161681426e-01 6.180445137295452085e+00
1.638870370118675535e+00 6.560309324179140589e+00
4.996876882072320836e-01 4.373660578182378522e+00
3.021089711272155753e-01 4.608223248517356652e+00
-1.099631227671337363e+00 6.340560679445712111e+00
1.029553731418972218e+00 3.318149074185809955e+00
2.701924989927711795e+00 3.965085103160744140e+00
1.447443894557800981e+00 1.470745899378612442e+00
-6.390343383287215850e-01 4.996273945415599549e+00
-2.680608871348999500e-02 4.688308334829029533e+00
1.906340223678190338e+00 7.269274241026224104e+00
2.549394350791548192e+00 6.054418006504640459e+00
7.185226664970629784e-01 7.849337891798372269e+00
1.821983563745511070e+00 5.323392450586716507e+00
1.643529585419516215e+00 2.824346950366959152e+00
2.574386227523192794e+00 5.110572718505726364e+00
7.841977736425780332e-01 6.817397407302710377e+00
2.037024773599576122e-01 3.128556966726170785e+00
-4.055054222377303397e-01 3.247506880017533071e+00
-1.029085192165912765e-01 3.729779468024839062e+00
2.588329004617496931e+00 3.200213656128215511e+00
1.209835889652104424e-01 3.280064882829731410e+00
1.406154000595687403e-01 5.861388546362496399e+00
3.162004109054904255e+00 2.600894872610370001e+00
1.447483637069177931e+00 7.112668394235100777e+00
5.749081799577461238e-01 3.131167187610970792e+00
7.870649287868273225e-01 4.116761820775030500e+00
1.940824876465037763e+00 2.906509282218886270e+00
-2.165816030786755775e-01 5.131749966215558345e+00
1.654908176266185471e+00 3.939435794038843142e+00
6.276157679839431403e-01 4.242488577601302602e+00
-3.440412007219995072e-01 5.675899308024626500e+00
9.717908136458247581e-01 5.379576003251210103e+00
1.350479281559453515e+00 5.251550150596822064e+00
-1.243586125885466132e+00 4.001257980246109014e+00
7.035329243673827948e-01 4.140496673635659874e+00
2.535733214321250983e+00 5.442153213793320177e+00
2.266392799670188918e+00 6.287176865027973349e+00
-2.892807335649774103e-01 3.803508342163889555e+00
1.439353272835283359e+00 1.596121048170889622e+00
-2.132185866193032631e-01 5.184282628350947775e+00
9.798013463846640958e-01 2.829970325582671808e+00
-2.015257671310499710e+00 6.709877746136378107e+00
1.354583450860239235e+00 4.593509199404332222e+00
1.759328644256844765e+00 3.307112216354787471e+00
-2.443446196518845426e+00 4.085722398557132706e+00
-1.898296447928959907e-02 4.892578165265017986e+00
-3.011704965207928630e+00 4.190587644434073056e+00
3.146471509230454711e+00 3.683571240962757898e+00
-1.809177694633558708e+00 5.157738107120699134e+00
-2.029632279175937803e+00 2.721793787041194790e+00
8.963466442131516887e-01 5.009684729803991488e+00
2.126974173298936677e+00 4.833768331362106707e+00
1.980702972385086857e+00 4.536586512450846875e+00
2.187826483503497066e+00 5.127479259251497723e+00
9.868909260351838020e-01 5.329391050126574214e+00
1.067979946731184127e+00 5.860967566469542867e+00
-1.910307145511724869e-02 7.159469422273913253e+00
9.211616496333739912e-01 9.476831619554069164e-01
1.199332669539095120e+00 2.426881388865735456e+00
-3.449729916935714513e+00 1.225158993345312641e+00
3.300668707840490601e-01 5.451882464759108871e+00
2.409363261110317733e-01 6.536200586413446700e+00
8.901231338389603565e-03 6.099764545116997283e+00
1.447294527041043333e+00 6.059085077928587637e+00
5.083847553286516607e+00 5.104167285972163626e+00
1.233552872646801024e+00 5.914779881814558493e+00
-1.113848908000765192e+00 5.311538060397783312e+00
4.150431363784634620e+00 3.063351551709501130e+00
2.181592667069187641e-02 6.907498666338602433e+00
2.517379559444183457e+00 3.941057127876544719e+00
-7.237303503155305684e-01 4.103912395241327893e+00
4.389632880457353670e-01 4.228444484741731735e+00
1.370566444937934891e+00 5.386363151346174938e+00
8.489177760311114040e-01 5.045761083333337282e+00
-2.471090194523371864e+00 4.837986257478585905e+00
1.244510796832076327e+00 6.521958554280519849e+00
5.335810118532340329e-01 4.389652009841583435e+00
-2.392864354957674244e+00 4.909660953496686631e+00
2.736855241160425667e+00 3.997612719259210134e+00
7.811798301493846353e-01 7.545902804308108891e-01
1.363059193023735904e+00 5.952164200694403107e+00
6.310723247816071302e-01 3.675549025058914232e+00
2.255301284590589095e+00 9.716643808761887158e+00
1.233846169710504759e+00 2.732469278170967186e+00
1.219049494658447363e-01 5.425992816017824794e+00
2.065961334430636009e-01 1.964748320214321886e+00
2.142521878042798811e+00 1.797289412994085289e+00
1.621396624341502335e+00 2.518020928820125182e+00
2.671840548399003090e+00 6.985588939023323896e+00
1.465211548301954103e+00 3.502969485520147863e+00
1.440736934162244021e+00 4.066416194528265748e+00
1.702438322054048214e+00 1.737486484544580989e+00
-1.418970117261361796e+00 5.132969630767354019e+00
2.040793318342568163e+00 4.650810152921115659e+00
3.760790823652107040e-01 4.045541329527087449e+00
1.504881961168770044e+00 5.058146202490692467e+00
9.880164781560706322e-01 4.888249633474556433e+00
1.577072658949352446e+00 3.088211730654576215e+00
1.987702747606296061e+00 3.322396324035852722e+00
1.134596340558097660e+00 2.715811251397906911e+00
-1.812456773029729185e-01 4.296932421785728984e+00
9.492677951810785109e-01 4.421534970609228843e+00
3.517995957815386099e+00 4.552489014414546453e+00
4.924049620177139985e-01 4.542194089194420137e+00
4.934055767822372873e-01 1.446427692069131243e+00
6.412998915997654148e-01 4.891641718117454296e+00
1.850622468420840327e+00 5.283293748424261693e+00
1.843907663834643440e+00 5.570229355052442877e+00
6.075576831717580673e-01 4.980013965154427069e+00
7.198360327541343251e-01 6.824923999470997593e+00
4.621914337164130249e-01 4.733852829232548132e+00
1.237713363310739334e+00 4.431415816357997528e+00
3.820219385936598044e+00 5.161814119896892983e+00
1.207121764675814557e+00 5.592114415307797515e+00
1.332056219723658508e-01 1.843122718145478789e+00
-1.766407108918783386e+00 5.886188346314103370e+00
-2.584529880780077615e-01 1.922631950678537649e+00
1.542181812935331298e+00 6.602816859800167748e+00
-5.331664203941111069e-02 1.899580772673453044e+00
1.598177312785505899e+00 5.508080060976944914e+00
5.656489397121832186e-01 7.400180465447473210e+00
-6.532136741667344815e-01 1.704012081386621080e+00
3.247272749480318410e+00 2.485505425761548537e+00
-6.679239015869640195e-01 5.505860632553957856e+00
-1.830849089932690354e+00 3.132093725229140091e+00
1.005825261284056804e-01 4.172286626487653471e+00
3.866786023939194905e-03 4.388881750409629134e+00
3.270850980549738551e+00 5.525434526872800234e+00
2.327386635407289628e+00 2.222651504479419060e+00
-3.208764656209330823e-01 2.666031588304111022e+00
1.520925328574691537e-01 3.579613288306850549e+00
3.774685882272486914e+00 7.636744348237773039e+00
-1.140441389046991105e-01 1.546791076400454656e+00
-3.834276284562534443e-01 2.302400645985804850e+00
1.834814451615139230e+00 2.624586653029446381e+00
-1.779139883435760794e-01 4.272074746089247199e+00
2.188315053133993437e+00 4.425610630897383935e+00
-3.636213436680726385e-01 6.934820037289854966e+00
2.221811358282961724e+00 5.163367120970247193e+00
1.864652471200648254e+00 3.096548385191506103e+00
2.912925418770393016e+00 2.842189451284993229e+00
1.953825500735753229e+00 3.922186407581709666e+00
6.599518381948715762e-01 5.490965965118282277e+00
1.637824959192803798e+00 1.946973685510001495e+00
4.473081620391445412e+00 4.995626559547004852e+00
1.684629489471223263e+00 2.988892887190899739e+00
1.585344797123522387e+00 6.133374540088501803e+00
4.541683971558981847e-01 5.727065403456696124e+00
-8.100618091060833859e-01 1.329811983369809880e+00
9.531917092202758512e-01 3.753853148157906716e+00
1.396012899975568544e+00 5.432167482003836589e+00
5.233775614000319543e+00 4.540949142386935478e+00
-1.187814417603706652e+00 2.879457541309997204e+00
3.032064988037696196e+00 3.925190065732532929e+00
3.758450199991993923e-01 4.387742787203732675e+00
1.376643222113390852e+00 4.842513132524407737e+00
1.858885560124638126e+00 3.722224595605680530e+00
2.071439291631812285e+00 4.545808645692486216e+00
4.334171903178674068e-02 3.056759196173957971e+00
3.505122414590594371e+00 5.441299715257793324e+00
-3.562752455663535933e-01 2.817246787011733034e+00
1.636107103467762780e+00 5.006181291071987616e+00
2.678239301393998240e+00 5.842042435340433215e+00
2.059184026119853073e+00 4.283642534732940987e+00
1.308048783213908495e+00 1.230478403829018852e+00
8.621721376713801233e-01 5.975314413663573632e+00
-1.360967520218636650e-03 4.802609064022208329e+00
-1.552561805137320228e+00 4.805705586135958995e+00
-2.211507094762754644e-01 5.856899936148788122e+00
2.614088323865507935e+00 2.854392960367950316e+00
2.337935114802804026e+00 6.727316047841518376e+00
6.911533790287140988e-01 5.228416332900508223e+00
-2.137920581503447437e-01 4.366867015210990743e+00
3.849488072935222105e-01 1.347330003549100486e+00
1.741640572892304784e+00 5.177281052156688546e+00
-2.911902923052616110e-01 3.794633971655281712e+00
1.412147785556054469e+00 4.176175832231837859e+00
1.357543679933197467e+00 4.244714007080080620e+00
-5.214382604206204697e-01 5.511964121123316573e+00
2.331692357596864440e+00 2.431567973266208771e+00
-1.836316074232011708e-01 4.340282371388521909e+00
-9.548390785525140423e-01 5.489890023111472672e+00
2.036898481768364633e+00 3.158702291555278485e+00
3.998692571207335789e+00 5.955543956319009347e+00
1.829071563861809357e+00 4.649100536922169624e+00
4.034401878154458831e-01 3.207254157770462744e+00
1.293399437626961967e-01 3.388330400679384624e+00
-1.209016861177357516e+00 4.369830518709788336e+00
3.610084195306954680e+00 5.204034860466231649e+00
-2.198711059710847238e-01 5.342500829187378564e+00
2.034565451229769728e+00 2.879800699372273787e+00
2.503836426107191926e+00 7.239611375754009259e+00
3.965234503175005809e-01 6.078867995445864203e+00
1.904943761482584597e+00 5.188051313745942750e+00
-4.777333151947666945e-01 4.678648230109544670e+00
-2.291853794279221646e-01 5.682174902746760736e+00
8.050280109676317686e-01 5.658589003002573392e+00
1.067620174117103860e+00 5.702263979999527166e+00
3.861309485196963820e+00 2.354252266149323258e+00
-6.556610166100143022e-01 4.527424316423042328e+00
1.670306223629402620e+00 5.494845036592552745e+00
1.372939737932229676e+00 4.843222405848387702e+00
-2.998823996069264197e+00 3.517805541746576559e+00
2.500317245208843797e+00 6.171678897491024607e+00
4.287664723246586984e-01 4.699838144319318012e+00
1.206900705010872432e+00 7.453601181409085008e+00
2.519761806636434454e+00 5.930289604570722517e+00
4.067823220925328442e+00 6.428899888410127161e+00
9.536473895736838902e-01 2.925893095919290587e+00
3.026707647716376792e-01 3.914290917664938974e+00
3.007182386729334578e-02 6.592102662323153339e+00
-2.230478913548599174e-01 2.986648423975095223e+00
1.206920837850845585e+00 4.515496971658730097e+00
-8.153948283526908369e-01 4.252379601997589909e+00
2.616781377595966074e+00 5.125087435753167497e+00
2.492645626621381449e-01 3.978691343942536651e+00
3.667482215296341774e+00 3.639407767581007924e+00
1.613344491866579133e+00 2.512127985570206334e+00
9.329520486974041127e-02 2.569722267220350354e+00
1.105643779551974237e+00 4.661312650394735080e+00
3.201176086421224198e+00 3.455045032070025002e+00
-5.814082477874102928e-01 5.516508526829036363e+00
4.334579936273268430e-01 5.641095311409490165e+00
1.152509818857510915e+00 5.341104822977731814e+00
2.422743442788171997e+00 3.548159651546320514e+00
2.335639980828611240e+00 1.229305759807540976e+00
-7.219216910625925188e-02 4.110541374033959805e+00
-8.502269419423962304e-01 3.223331085579541622e+00
1.981290294994808798e+00 4.463659872971055265e+00
7.897234879265228047e-01 5.875256099227902595e+00
2.284708162077282445e+00 1.371622158948925030e+00
4.797969583988570541e-01 3.185076146467181957e+00
3.632205075179552045e-01 2.278084027329308814e+00
5.998757477199105903e-01 3.630817983458615394e+00
1.332397716503402441e+00 5.609965815192153649e+00
-2.356428599873400032e+00 3.761313655093011299e+00
1.461567129709891777e+00 3.851333699256584975e+00
2.164453154087669695e+00 2.300346661808750248e+00
1.747737404571394482e+00 3.295790433378662954e+00
-9.274426551635492899e-01 4.362108650829033429e+00
1.149538107688615307e+00 5.331301805782462822e+00
-2.948653951519399907e-01 4.207527175403620312e+00
6.057769393219198939e-01 3.634727969064302400e+00
1.135503538252504496e+00 4.688755563725218067e+00
2.238179863368497280e+00 3.382968821215750488e+00
9.738142496533885861e-02 6.262904696394892667e+00
3.916610287962871695e-01 5.249942939721270463e+00
6.681012216951016658e-01 3.465953370638744424e+00
1.457756256256801830e+00 3.183249210008096242e+00
1.538954207524515505e-01 3.998774951541183231e+00
-8.374968846676744683e-01 3.951776789085160058e+00
-5.286062364784060996e-01 2.617643525802258786e+00
2.103243284928750789e+00 5.951235816965804837e+00
1.851404843879572493e+00 2.409042756580042521e+00
-4.815922664381711016e-01 4.544537813815265892e+00
2.241828958895419888e-02 7.930831769248730900e+00
1.589346085983456280e-01 4.561637022484103632e+00
-5.971271140365328467e-01 6.220443513756646503e+00
2.300214716564106254e+00 6.033733006897790574e+00
3.003422102679855765e-01 2.063327844608327855e+00
1.873512871231955090e+00 6.225533548209712720e+00
5.777170692505406713e-02 3.181333634983595449e+00
-1.067557314054221607e-01 6.211006215782608919e+00
2.962774472279195770e+00 1.890132964720401709e+00
2.280610837580588912e-01 1.649504501085202524e+00
1.516413211384514792e+00 3.993525020034947026e+00
-2.673410299833893777e-01 4.103361694469461973e+00
2.339287574850155593e+00 4.426096033528905238e+00
8.885559216879612698e-01 6.045883944973564184e+00
2.002828259148978329e+00 1.414544418332365439e+00
1.152033211034479088e+00 8.368300358071181222e-01
9.418222236085009857e-01 4.723041368364137682e+00
3.595172884424464144e+00 6.241343453429282206e-01
-1.660430936973746441e+00 5.962344523658575923e+00
4.045434014634540887e+00 4.652349861785079810e+00
1.406319139609314650e+00 4.146913753849219120e+00
-1.130375194153077967e+00 2.787386613860124207e+00
2.131413507616793268e+00 4.367154796938494954e+00
2.510120280853380237e+00 4.671457924799964800e+00
1.791154382646487297e+00 3.514091888137278907e+00
2.866164618171243461e+00 4.386436044383581923e+00
9.502307980276167854e-01 3.447129406822841524e+00
-9.888001843635931820e-01 6.673298909824953995e+00
6.679918021123728566e-01 3.990148846757908707e+00
-3.437839993699831620e-01 4.295579261665104731e+00
3.261888261643607345e-01 7.149063170845463944e+00
1.019624294475361959e+00 4.799910033651880958e+00
2.293236477218571601e+00 4.892330441524562090e+00
-5.880036431885400372e-01 6.564910669573279733e+00
-1.021109749044127657e+00 4.062290744903368278e+00
-1.123447346060408414e+00 5.506241557508799289e+00
-5.145808667144691206e-01 4.568846589818092774e+00
5.777932691213880645e-01 4.368635512603689541e+00
1.396276564447951563e+00 4.905893696855951447e+00
2.463406704149191384e+00 4.547289116996235947e+00
1.213344436940521964e+00 4.985565553233943348e+00
2.615865097237710213e+00 6.681581671666246613e+00
-1.009332865035116100e+00 6.564355263995721224e+00
1.598333672918851089e+00 3.582265680595151380e+00
-1.368406832308743937e+00 7.084611686687669163e+00
1.494752315304915147e+00 -3.129988549608500037e-01
-1.775433082068806900e-01 5.586657212146146634e+00
1.555003664362628601e+00 3.913289454788293931e+00
6.604603926049025242e-01 3.956766835542668392e+00
4.815519123213919395e-01 1.548244896931907366e+00
4.238542388132774397e-01 4.125360052722588655e+00
-9.409717548152605193e-01 5.686262270739637081e+00
-1.022843700094755004e+00 5.305370375442878483e+00
1.744563859133497985e+00 4.549801928100018600e+00
-3.704825612652249411e-01 5.484908151141319799e+00
3.696229684131067117e-01 3.352551056676264629e+00
3.355897817730167709e+00 3.408343623065466677e+00
1.307325924256957483e+00 4.094119409407850796e+00
1.663593542984163065e+00 2.624004007833375063e+00
2.169405788029038717e+00 6.212320717700473338e+00
3.807175555255650767e+00 4.546342180964964896e+00
1.672877968411632388e+00 7.071424142962836612e+00
-5.197196583981931184e-01 3.093466652194021727e+00
-9.133859399495534159e-01 2.447373712856405259e+00
-1.781250644990485910e+00 3.783732470936794989e+00
-3.697299810521736951e-01 2.627142811097839203e+00
-6.463169728164663841e-01 3.245926724698393606e+00
-1.538180816046119670e-01 4.315987782976437259e+00
1.354433277169720062e+00 3.842964420914115831e+00
2.620655589176998923e+00 4.412735717389495882e+00
2.150469011226961769e+00 2.636810410052112363e+00
1.267613049412610993e+00 4.533557624695245813e+00
1.128049742416415091e+00 3.220580242155945072e+00
1.400798290621220854e+00 3.739198925210154290e+00
3.763001173019371759e+00 3.656692884086218065e+00
3.293996289916019116e+00 5.507490056203799611e+00
1.208888121528655324e+00 4.049009500316617327e+00
6.404603632458027995e-01 3.349569404588244037e+00
1.207969783165660393e+00 6.025381229599904742e+00
5.030126752972043036e+00 4.056127911621254079e+00
-1.228901004724215706e+00 4.249566412273113158e+00
-6.309704230246593326e-02 3.715542391359755836e+00
6.040578710086551562e-01 4.815470339619712270e+00
2.583554041339935381e+00 2.677112396953236662e+00
2.650072373770957945e+00 4.198839485075468225e+00
-9.707749944507835238e-01 7.402679799212892320e-01
8.997966106516002149e-01 4.577059198226359982e+00
2.832104805890307109e+00 6.325113271202419618e+00
2.255761823796981425e+00 5.766915036158144048e+00
2.853436665194965638e+00 4.118353484632597095e+00
3.459626011446748528e+00 6.328194099759913094e+00
-4.642920476435019594e-01 2.436035966485468052e+00
-2.775046789138015946e-01 5.770482347036287152e+00
-5.602538572430111330e-01 1.822054611746086294e+00
1.743356020696093411e+00 4.433431428734554203e+00
3.245180584103394494e+00 4.518030853202463781e+00
6.798926406823158075e-01 2.656043544279963697e+00
-1.117285493577072852e+00 4.133353448236083416e+00
1.601596088370876858e-01 1.119348263754968098e+00
7.638229035586374671e-01 7.026871666261945037e+00
2.486449042843582369e+00 3.533150412085098058e+00
-2.819131746850636944e+00 3.759520486962686814e+00
-6.013203145346119882e-01 3.901177445808579947e+00
1.006509883055507037e+00 6.414291987713642840e+00
1.669552958060676939e+00 3.922073809877217876e+00
1.605645973378609259e+00 3.800879252648061257e+00
1.066471836036764209e-01 3.166080627035345874e+00
1.439948512556323834e+00 4.092221092382367864e+00
1.191132053721732031e+00 5.369705753693392758e+00
-4.114677697716153659e-01 2.976596659452713567e+00
-2.300229407876337895e+00 4.375672228437339051e+00
-8.654746815465561571e-01 6.187377714541613116e+00
2.439075243616478872e+00 3.156839368984996064e+00
-5.899201972372456471e-01 4.719261410407485258e+00
-3.188754170796546106e-01 1.791538387893234052e+00
1.636859243815501630e+00 2.655096962891017043e+00
1.937073683122649825e+00 2.906088043308654445e+00
8.918458292678195232e-01 3.222455437126324540e+00
-1.303610469792371163e-02 6.720406288797973637e+00
1.444934461095999101e+00 3.565032196978915380e+00
-1.689054817892724714e+00 4.811787958339621696e+00
1.114166137306617621e+00 4.427719202846032154e+00
-1.472815051601017888e+00 4.191921076860197104e+00
4.138192037097254694e-02 6.610030883299986115e+00
1.768267576401695962e+00 2.952908681083876274e+00
4.085457216038649975e+00 5.163438226749642368e+00
1.959310035099382397e+00 4.127141597030902886e+00
2.452802641869747724e+00 6.002438454777036192e+00
2.489509202878749328e+00 2.511355007194882027e+00
1.746974151951605325e+00 5.678319004031616046e+00
1.181323365127288083e+00 5.032271472404556967e+00
-1.372964739873359097e-01 3.817910368945187205e+00
1.216203613025718777e+00 2.229064661644498457e+00
1.326198309401845687e+00 2.772902892792846963e+00
7.644101473418131176e-01 6.746960249132144760e+00
-4.383662555128469140e-01 3.396170294055593786e+00
2.409861642942846549e-01 3.879348952708526532e+00
1.944794365686060456e+00 3.946431172469723414e+00
1.748321790446137225e+00 3.908801167066978444e+00
3.353052440442396698e-01 4.733459040383524830e+00
2.949927489405645531e+00 4.958636449087191700e+00
1.341927220239849117e-01 2.859408578491938968e+00
-2.619291005075257139e-01 3.052706859354563207e+00
-1.602627204965226149e+00 2.274986571583114792e+00
-2.006412758831115362e-01 5.639404862205447344e+00
2.805836920234147769e+00 2.549371127941636672e+00
2.588179319860891781e+00 6.163563181525825385e+00
2.133542451099565529e+00 7.127122627051549308e+00
2.689875828364245436e+00 4.117501401560423879e+00
3.444815778386984384e+00 4.932595964965856616e+00
1.869015645078905719e+00 6.661843979379958647e+00
1.049711542116926299e+00 4.684381234502982494e+00
-6.926871467256627835e-01 2.179911850271632368e+00
3.738917616731626037e+00 2.938581361836419603e+00
4.436444792964943096e-01 2.703712484368034019e+00
7.633629626269344826e-02 3.424890612648452848e+00
1.854027858762644199e+00 3.445409461697280129e+00
2.944191620899682782e+00 5.304596153540277470e+00
1.103906702434966025e+00 5.793480838005619304e+00
1.913092476688365240e+00 3.916955196040236231e+00
9.350362777057780184e-01 6.135707288774415957e+00
2.200848349588525599e-01 3.067166486822100246e+00
-3.464678513697523332e-01 4.175584807974836998e+00
-1.407914088263600760e+00 2.939939396400182758e+00
1.929293892076571204e+00 5.648007439941508778e+00
-6.008460319710660080e-01 5.300501954344992050e+00
-9.751573584734885003e-03 7.695945130439785231e-01
8.219165368649280490e-01 1.729264696657668576e+00
-1.695904822865830219e-01 5.603893657311876275e+00
3.935392487515609883e-01 4.183576970885728663e+00
9.727795830732718363e-01 1.952042212134737387e+00
1.384485684218496715e+00 4.519853468201752378e+00
-2.268252757028514477e+00 6.340014611859784210e+00
5.407506702709133917e-01 5.315067367385779562e+00
2.296903108976091623e+00 6.543256266961517298e+00
1.293859804408934444e+00 3.528767361197883368e+00
-1.901650341769105523e+00 2.423372025876934011e+00
1.979181300622134820e-01 1.843240478987643094e+00
2.372750781629607175e+00 1.364479693634838675e+00
-7.616117390387500130e-01 3.854481603228284037e+00
7.522758083521627892e-01 3.220555425442669151e+00
1.116303954806817655e-01 1.291248387253374208e+00
3.537324024849437087e+00 3.429447389712829697e+00
1.620467144940409998e+00 4.774060662143840617e+00
-1.040045467336515372e+00 4.520801240970947710e+00
2.913064398923553178e+00 6.212445932402286708e+00
2.310206193935658625e+00 3.190308418198008589e+00
1.245376605635231781e+00 2.566663541457309350e+00
5.215908222249637793e-01 5.508681073141646678e+00
-4.789119741710077260e-01 6.058902463021166973e+00
3.004992997504167374e+00 6.545198170230436041e+00
6.240973244834813194e-01 2.215886495857872340e+00
2.307994472317170143e+00 5.541468648929964047e+00
5.138371439955831121e-01 3.432214987702123743e+00
1.983551028967372787e+00 4.632547013398255586e+00
3.509252778711065890e+00 2.296820768922287037e+00
1.398579093665681006e+00 3.815710337922036288e+00
1.861472972749531607e-01 6.954272990418878919e+00
-1.374668164081295885e+00 3.639243093673708351e+00
-3.357648576197559187e+00 2.705195698503181756e+00
2.460864739310816063e+00 4.814285140060981405e+00
1.560163280817212339e+00 2.424401754830285860e+00
8.731016534405728891e-01 3.372174783361155725e+00
-8.771234647112104987e-01 5.348770312513211778e+00
-1.896910903733555198e-01 5.343316925940913009e-01
-6.258874327087558420e+00 7.733550735590544178e+00
-4.695689569102061256e+00 -4.092860952420097620e-01
-5.213516546842399180e+00 7.089862483441529140e-01
-6.637067602991322701e+00 -4.125848389648229642e+00
-5.075394502304771294e+00 -7.628501690515439027e-01
-4.808114557894048069e+00 -6.527218830853265263e-02
-1.174952523233008428e+01 -2.061386734011809718e+00
-5.342127127895222038e+00 3.161538778281105078e+00
6.552608699677087145e-02 -3.431971341985691648e+00
2.452299495815930541e-01 1.986133109014056819e+00
-8.411880888195264916e+00 -2.758687050153691533e+00
-1.595131561606219606e+00 3.272187856047121812e-01
-1.129676451812257731e+00 -4.812434290295212413e+00
8.803323674308494162e-01 3.513816209790199263e+00
-7.318596550084863317e+00 1.415305475689765613e+00
-7.060947382872187816e+00 4.019729889642716714e+00
-3.863530962618050957e+00 -4.335659316397693086e-01
-4.406876835802101766e+00 -5.543195433205852396e+00
-5.618735006367543861e+00 3.558415001353981033e+00
-5.103957849730647034e+00 2.649397954968888413e-01
-1.025342355282055529e+01 -5.221010485568056136e-01
-6.384055569360386428e+00 3.975048604843714806e+00
-3.735587184779356917e+00 -9.974756259418895432e-01
-5.048672755443110560e+00 -4.466790711753228393e+00
-2.776978571798042417e+00 7.200315992020530631e-01
-5.793003618248852682e+00 -1.710307090984027223e+00
-6.165356448270665091e+00 -9.470943992671823075e-01
-2.707952941611288189e+00 1.441411015374020277e+00
-6.150627733091556415e+00 3.738623895344033721e-01
-1.151283532664470588e+00 1.907967991886349912e+00
-4.470336950186226233e+00 -7.535552636001305871e-01
-4.280354807147551455e+00 -1.176734847478952073e+00
-1.398496469515393414e-01 -5.900213148273991681e-02
-3.074787645959449200e+00 -2.845189643164751203e+00
-5.294182283976818226e+00 2.099909557054250975e+00
-1.786811108816470650e+00 3.045171428981551465e+00
-2.886298200912822853e+00 3.935302368093348768e+00
-5.669284996896995388e+00 -3.053927585184108562e-01
-3.417314516939043756e+00 -2.090146680565391879e+00
-5.964950888051161471e+00 -2.001225560158537142e+00
-1.821434677327040230e+00 1.249607257154869089e+00
-9.934484408750150486e-01 -2.185871740743939640e+00
7.105200803150459876e-01 7.447516227128273547e-01
-6.768837697508307549e+00 -2.816064058175380413e+00
-8.643646577712416956e+00 -1.550210828632701210e+00
-4.492005807146125740e+00 1.282886947710111913e+00
-2.209848767419024362e+00 -6.581782128687290179e-01
4.263790560396607532e-02 -1.794720581068452336e+00
-6.548067562344389358e+00 2.176356657714397791e+00
-3.117459064507568378e+00 -7.366775736871040703e-01
-3.189562902550677315e+00 7.463812761492797376e-01
-8.876766256904495833e+00 -4.530470924884836492e+00
-3.322521694649049895e+00 3.548601712822807008e-01
-3.373079123616189889e+00 -1.194132835576800389e+00
-6.664437148074561890e+00 -1.836625812290791693e+00
-3.634128856983426914e+00 1.549748839856442295e+00
-5.774709181102980260e+00 -3.360802149370453851e+00
-1.029603417224969952e+00 -5.431479674811550140e-01
-7.908450657240927661e+00 6.620764423374636554e-01
1.938905879946158706e+00 -4.411915245502608940e+00
-3.398774692460025726e+00 -2.739162552015478980e+00
7.919098604286451959e-01 1.567201330926766500e+00
-2.341543663574856105e+00 -2.682410213201633198e+00
-2.500391939580099532e+00 1.677688470957087841e+00
-4.079945669499805305e+00 2.824236651786002028e+00
-5.628510149828592546e+00 2.065072106740308389e+00
-2.645866843278972702e+00 -3.089970340156409367e+00
-2.303337119251025022e+00 5.336645969724542748e-01
-8.933212182004286461e-01 -4.036228665673593952e+00
2.235266137502278205e+00 -1.962733924744102687e+00
-4.570771579897899173e+00 -2.848834129794536096e+00
-5.500880652223324674e+00 -6.416100525139246669e-01
-8.579156356269429295e+00 1.695938476609317180e-01
-7.211462079028794214e+00 3.028488534512903563e+00
-4.384210266567040826e+00 -3.563907283500205025e+00
-5.283993554429230244e+00 2.976352513530895028e+00
-5.351482696115608562e+00 1.875389510707311747e+00
-8.937230762974447629e+00 -2.986899440363397495e+00
-5.161387301186965537e+00 -1.484511467218922576e+00
-7.142044497898707434e+00 5.964216142666738385e-01
-5.898190289449912527e+00 -3.036965405619314051e+00
-5.412033289937255631e+00 -9.788746766713580794e-01
-2.225891292436622759e+00 -3.666988775387972410e+00
-6.946202665626580952e+00 6.252404138735884187e-01
-7.193030988439928386e+00 2.592566378752779510e+00
-4.407037384017321813e+00 2.263130952104713600e+00
8.049183700108271111e-01 6.214249939384794530e+00
-5.713830662307921138e+00 -2.217405695992095360e+00
-6.824271117127436170e+00 5.694000939291439245e-01
-5.654633477397778663e+00 2.284687731429901891e-01
-3.568820561869765484e+00 -2.876816814693100355e+00
-2.338280450648017705e+00 1.280285079969821105e+00
-3.310630220948286517e+00 2.139575084669647520e+00
-7.309098112969433458e+00 4.183416832803487750e+00
-8.860596433981919873e+00 4.293293479047134653e+00
-5.445254792877734396e+00 1.738772554040549367e-01
-1.736100404824107102e+00 5.157583562171449643e+00
-3.549263470045158630e+00 -2.752756240652929787e+00
-6.662981581507803064e+00 -1.532513065173477518e+00
-1.929913695483798541e+00 -3.237174427963981138e+00
-3.510594688298684929e+00 -3.063824081849699787e+00
-5.661990048721862401e+00 -1.009497860766726429e+00
-7.264633746915118984e-01 -6.283891322224595122e+00
-5.035209833619672004e+00 -1.727673085726374458e+00
-7.751231184740908553e+00 2.708988575576439128e+00
-4.607200708149572499e+00 -3.258582460788463919e+00
-6.114221164851127099e+00 -3.862986138009605330e-01
-9.688876166118900457e-01 4.262613385239795605e+00
-4.612544807726366436e+00 -1.823888594720142642e+00
-2.859580740982500036e+00 -7.006259337261404596e-01
1.262430407217674855e+00 -1.050287879918116452e-01
-3.163482151653640884e+00 -2.432814962172422657e+00
-4.926184686977447491e+00 -1.809790195721191708e+00
1.002092898679610045e+00 1.275408669461594924e+00
-8.043288138607138649e-01 -6.025249543742308145e-01
-1.181018787093872291e+01 -7.555822748190312854e-01
-4.350484039136152781e+00 1.593737174173576854e+00
-7.459846984428427419e+00 2.945107763672516477e+00
-3.896031015518150120e+00 1.996365690644579027e+00
-4.751928992909309812e+00 2.183685825560002236e+00
-4.211088615586040085e+00 -2.701302147818026356e+00
-4.669015862187925414e+00 -3.013703763713457384e+00
-9.013577275737898020e+00 1.015494831481952076e+00
6.552037512574440115e-01 2.614419559041144758e+00
-7.798327744450393340e+00 -5.827420545434706334e+00
-4.968582395126851736e+00 -8.572490185058465606e-01
-2.495699399976782473e+00 -7.891660233532795665e-01
-2.967118820017242253e+00 3.159414751653046860e+00
-1.037512493171552919e+01 3.975444661042101258e-01
-5.198198988025760414e+00 1.035537373775363701e+00
-8.822715995492911745e+00 -3.208276814965391299e+00
-9.528155357322360963e-01 -3.719648509659013946e+00
-4.717281465280755981e+00 2.678171797916219177e+00
-4.956853961129438879e+00 2.115144805080188650e+00
-3.787107414110581161e+00 3.589318033177677059e+00
-4.137079451487885251e+00 -8.608295825267651136e-01
-5.422006025585231370e+00 -2.716046602726168047e+00
-8.743991685246399470e-02 -1.199016283027989349e+00
-5.086628637649798002e+00 1.891112561399243885e+00
-4.907270028406545137e+00 3.693066623379774871e+00
-7.988744751635290520e+00 -4.833421418234286060e-01
2.620336764204573399e+00 -2.948956978662120143e+00
-7.917088688845806743e+00 -1.957093904037146448e+00
-2.830773390753164698e+00 -8.626148226404446451e-01
-5.934454909527648425e+00 -3.752185209912596964e+00
-3.394445869690462914e+00 5.215015576986663515e-01
-4.195783192738971934e+00 1.203640423466113107e+00
-2.397676605724495147e+00 -9.213288350396704462e-01
-1.528305390677886955e+00 -5.182542705507390934e+00
-2.202096782210393400e+00 -1.596508993010145927e+00
-2.529592141423147922e+00 -1.097977014848062982e+00
-7.707660668825292660e+00 -1.199327102662567146e+00
-3.723624906572704951e+00 9.072800321021363690e-01
-5.038936582884267601e+00 -1.270493108545532879e-01
-6.706940277420416763e+00 2.104643741975769089e+00
-3.003019184593440194e+00 9.839215816705844109e-01
-2.061573068640774054e+00 4.237622069974436023e+00
-1.706938336138546397e+00 4.663529009722001684e-01
-2.810764681831134926e+00 3.722346742293570099e+00
-3.374631572010961200e+00 -3.325087845670887887e+00
-5.151562730100637033e+00 3.287538936330015815e+00
-5.229734560980260127e+00 -1.533747502071444169e+00
-2.885145985804665525e+00 4.128161087876978996e+00
-8.599445601200397249e+00 -2.037996335556938376e+00
-1.198045159396771808e+00 2.282436132153991881e+00
-1.714534501331885785e+00 9.942099270201089078e-01
-3.528118096854459651e+00 -1.380227106008495630e+00
-5.330795879586110786e+00 -2.391691640250548812e+00
-1.789345142840695679e+00 1.071660052399992846e+00
-5.991085287271288529e+00 3.403160959678580011e-01
-2.797419545980742051e+00 -1.327345190671614383e-01
-2.290543660755385069e+00 1.483951129494259114e+00
-9.252558375822736991e+00 5.753503343946924531e+00
-6.500332255183512764e+00 4.360030872569291560e-01
-5.040291276793050557e+00 -4.374887080353897950e+00
-3.235084669466471219e+00 1.988375165021927016e+00
-3.723562910216258182e+00 3.466471268699385710e+00
-5.495808260125739864e+00 -8.084835092185271854e-01
-1.261177043253316477e+00 -3.438992328085819228e+00
-3.105953449498789709e+00 -7.634071192156546282e-01
-3.625169978256146397e+00 2.209878421944493798e+00
-4.249298658335602497e+00 -1.224106531606554693e+00
-7.324796944809734534e+00 4.978875866816600215e+00
-5.262294277732313397e+00 -1.390158422099849300e+00
-2.252901904928512611e+00 1.657496721625479008e+00
-2.482598362260618252e+00 3.820849302197189878e+00
-3.767003939322486783e+00 -6.604236062882187230e-01
-3.882594995568011242e+00 -3.631254110171857619e+00
-6.344971739942279143e+00 -1.686107169840993070e+00
-3.464562753345317603e+00 1.969241756809190225e+00
-2.913691072151931571e+00 -6.229634946899673675e-01
-7.261738224984084944e+00 -9.785294202922858453e-01
-7.154047986936810766e+00 -3.098375215306996111e+00
-4.941240631341442757e+00 -2.066703782899452335e+00
-7.848892706345412584e+00 4.314145826311880150e+00
-5.032094092342004998e+00 7.251355069592793634e-02
-3.290041847132410435e+00 2.364796310419482683e+00
1.470169717297952872e+00 -1.588482043892006645e+00
-3.628727327865728824e+00 -1.709409556984842649e+00
-1.521199493650169376e+00 -1.053771237405687344e+00
5.348986815770437886e+00 7.355864214592971351e+00
1.025602995842104015e+01 7.504726775281899798e+00
9.334714298588419723e+00 7.301458692969484687e+00
9.058369527561804802e+00 7.927160009879916203e+00
6.760242642626234755e+00 6.677578602613932546e+00
6.154571303213832500e+00 8.112070096878872150e+00
1.014794449831800094e+01 6.311955387948699148e+00
7.461470765449144338e+00 7.539913896605984434e+00
6.449332775103573390e+00 6.688947097418449061e+00
8.409598587801513148e+00 5.329952056715773878e+00
5.094175188624515904e+00 8.106354168222322798e+00
8.726892524218827774e+00 9.646373934852899623e+00
8.295798986179413248e+00 1.181438174930543994e+01
8.843671661610880363e+00 7.962813227078654243e+00
8.714174346897351597e+00 1.028091397347801284e+01
7.441650987520473493e+00 7.332130211512593476e+00
8.243353611669586911e+00 9.040282195944234545e+00
8.405402405683659595e+00 1.159713761623097028e+01
4.556523213085839075e+00 1.009000173995223193e+01
1.254829442987563048e+01 9.563118630149000765e+00
8.982384497611851870e+00 6.407625931727930713e+00
6.858832526663838358e+00 1.126100193317551046e+01
7.867092047519899545e+00 6.350065281625196789e+00
7.124593111146423574e+00 7.089818016858679073e+00
7.822305452367174006e+00 9.368120244668585173e+00
7.149777404733988817e+00 1.105359099762698527e+01
7.330693076850677059e+00 1.224631699535898477e+01
1.159183264879934860e+01 9.314153396760023185e+00
5.881416228245417877e+00 9.551469203892224868e+00
5.456193552716769979e+00 7.209606513438187925e+00
5.747111314680958927e+00 3.163408355233326752e+00
9.516428306489890687e+00 1.096881659951421284e+01
7.361077323185913457e+00 2.516977203353464532e+00
8.432486003965703247e+00 7.121268384857652123e+00
5.052192689671903381e+00 7.614139118556605190e+00
6.165648261891602644e+00 4.714491212804125198e+00
4.326853144266575413e+00 9.473492291311556457e+00
5.374926739016640198e+00 8.580843383522573475e+00
1.076885553364784087e+01 9.157628970703385107e+00
6.044095657469481075e+00 5.094038122268228719e+00
9.239176732300160566e+00 6.285338625145805658e+00
8.723741661891697419e+00 6.513569777904107738e+00
1.039194080356451799e+01 6.615336845631565765e+00
7.440085967781377541e+00 1.212312515788122091e+01
9.715501042379591112e+00 6.583598350477485539e+00
2.809226689319586079e+00 9.408205647933218785e+00
1.275586777190083154e+01 8.762775552569028292e+00
5.266085466152464534e+00 9.342002955628352368e+00
7.812131541256832179e+00 9.833809380434789915e+00
4.892029271423298908e+00 7.096216994903121744e+00
4.919606282006059317e+00 7.894079464382406819e+00
6.547385915429847714e+00 8.043611353291334254e+00
9.011663299786823345e+00 7.736029256109518748e+00
4.813269874936485948e+00 4.815087793731919419e+00
6.038148067233605865e+00 4.815033367709706802e+00
4.151445244415236324e+00 6.115891531201338438e+00
4.449968726187236712e+00 9.983254036428458988e+00
8.717973085497954244e+00 7.027402865915205687e+00
5.765361848002018341e+00 1.065369176060201717e+01
8.366184349850342983e+00 8.231768109153351887e+00
5.550446734595423592e+00 1.020081062223844626e+01
9.790358236851863794e+00 6.180748977471878902e+00
5.963952053624128169e+00 1.344329108283973540e+01
1.000137004341716462e+01 5.354290304997975092e+00
4.529729336414669127e+00 7.428716276172919741e+00
7.695062942797348704e+00 3.404616112440697506e+00
3.607609833696143298e+00 8.793744394549099397e+00
9.245930357645645969e+00 1.070362177703601070e+01
9.040192162143302568e+00 9.618270968111410468e+00
7.180484391258360688e+00 8.963289111339035387e+00
1.952907117220641808e+00 8.645692744125097917e+00
4.537668079657874998e+00 7.853426124659100616e+00
1.010601213097271689e+01 8.804424979517969874e+00
6.014224753101244936e+00 6.402556347175151430e+00
7.185292303423482352e+00 1.344685780044732049e+01
6.824810614151634702e+00 7.400919936804376320e+00
4.671641946344418983e+00 7.277367531104892429e+00
6.936372490070641383e+00 9.248451814321230202e+00
2.434671950151500397e+00 6.938189108285525819e+00
5.586720133540712396e+00 1.108426820486377551e+01
1.062074638771676049e+01 5.742562503891782910e+00
8.184311154180496928e+00 9.922818847573475765e+00
8.651866774612873456e+00 8.880696173549473826e+00
1.238867476228295850e+01 7.320035562020446918e+00
1.169809644276758576e+01 8.254795468786898738e+00
8.187219619686883831e+00 9.410559402589846911e+00
4.859892117567531145e+00 9.750119819651871467e+00
7.717116814076512732e+00 5.695703895114903048e+00
7.631522659183016088e+00 6.738628364535003357e+00
1.106781476516824014e+01 7.800199477476398968e+00
1.066893313802917120e+01 7.759598011398562534e+00
5.277412754547659901e+00 1.067251130738788589e+01
5.788934669552239676e+00 4.393296295449213851e+00
2.662212613868618405e+00 5.502092843664926569e+00
8.503584910332493862e+00 5.055112306428080515e+00
8.320416425198295940e+00 1.343308425753654234e+01
9.869039293624281228e+00 6.737941506322837171e+00
8.206696349621287467e+00 6.280090005932906116e+00
7.604253316791194983e+00 9.385545721065934544e+00
9.523723666325784265e+00 5.364906354595328608e+00
7.172164454290725466e+00 2.058854901447971564e+00
6.027260937273682728e+00 1.142393180743447445e+01
8.753784153676516411e+00 1.160631009511162759e+01
1.042818599437386773e+01 7.805078532129730462e+00
7.162190144676975123e+00 8.905883059497986309e+00
1.263150642065225426e+01 9.795023467129253092e+00
8.415863195523195728e+00 3.077787778368165306e+00
1.244958471648736520e+01 1.095061581265004769e+01
9.188633608092926508e+00 4.530991296043265670e+00
1.219323231732590074e+01 5.700117418844037331e+00
6.303298925978103817e+00 1.464568800552698136e+01
6.206600068437870377e+00 6.779332402656290668e+00
9.634975853799730316e+00 8.592543559176094803e+00
9.398077114190407144e+00 6.515695154397052491e+00
9.830695244901493268e+00 9.555851118580260817e+00
1.342797778772462181e+01 7.033617421423087102e+00
1.019231578271009653e+01 9.615641793729176712e+00
1.073467745329302758e+01 3.286797683280390459e+00
6.919825140261058216e+00 6.912396909650695420e+00
7.508124254210655657e+00 1.127730956183676447e+01
8.831218490153936784e+00 7.196763878487780097e+00
4.915095049072049527e+00 9.928709579172155131e+00
1.044092524642042186e+01 5.479740830712385602e+00
8.440930249403502117e+00 7.534293436021636481e+00
9.239227732182106578e+00 7.693639527237830400e+00
7.904918427381142365e+00 1.213374696521408680e+01
5.645867565401082366e+00 6.889904231908168697e+00
3.258841975713822059e+00 7.724303016850200265e+00
4.630011716326926319e+00 9.883154311405229819e+00
1.316305789269717863e+01 6.929294530935233176e+00
6.764364439492152492e+00 8.638719863540494259e+00
8.990001919286065402e+00 1.267829233473884898e+01
5.348080666385834903e+00 7.045254805596097292e+00
9.509868886545616462e+00 1.165534794089565551e+01
5.457026597504842869e+00 6.390457437054565482e+00
9.793128085388618231e+00 1.040200901327644267e+01
1.090337550731160832e+01 6.710467694746022893e+00
8.111260062161305129e+00 8.108754055960570639e+00
7.348145753176418715e+00 8.633606300214005103e+00
6.932654419298478921e+00 8.500706319007559131e+00
1.021456288817215174e+01 5.089835588772788633e+00
2.765128435798883899e+00 9.175428840062485492e+00
9.003874004516408291e+00 9.458360736336157260e+00
1.058981743646718421e+01 7.863084245195762989e+00
7.968945039523542384e+00 7.413128879915192648e+00
8.640761653692443645e+00 7.875178250240765898e+00
3.859621677121460426e+00 5.211175986012266392e+00
8.387136232695738158e+00 1.039332567160200149e+01
1.126038068950754045e+01 7.028421411237983918e+00
8.018886980369288153e+00 5.879733739373913082e+00
6.567102479677421556e+00 6.374337869953771829e+00
7.074985357007311570e+00 1.193056168396880246e+01
4.395763262693649587e+00 6.913075031894312161e+00
9.961339665581327552e+00 7.925904745309790833e+00
7.924901304873596786e+00 1.261178621574338976e+01
1.266497305564063325e+01 7.996829748867495091e+00
8.297415860734435711e+00 6.827442488772001106e+00
8.491125839316181256e+00 4.417567609494765790e+00
1.126537489866596786e+01 7.395968941140912634e+00
7.885462263443664632e+00 6.463933420061468205e+00
6.354190682085580022e+00 9.631359576407540146e+00
1.062252921833702146e+01 8.934512585497850878e+00
4.084350403977479615e+00 9.235116976960245694e+00
9.799877865205065319e+00 6.678342564212027987e+00
5.226430725118083487e+00 7.209607700283143572e+00
8.380325985568823910e+00 1.226760494619347241e+01
6.094598633677413169e+00 8.637229871966704664e+00
6.842120893612928967e+00 9.184520654117607208e+00
5.701717132791376486e+00 5.140210136450200196e+00
8.969859024453793239e+00 1.043782973248787904e+01
7.547146280998449974e+00 8.318597409883537352e+00
4.178544541069687313e+00 8.414101081091811096e+00
8.107526336713425152e+00 1.115883683981677521e+01
7.412053476330735968e+00 1.804756894293747749e+00
9.098374107428249147e+00 7.630022123646611476e+00
9.382791715207048355e+00 5.435712859275493969e+00
1.050999357039925286e+01 8.981615940276336474e+00
8.295056801893167631e+00 7.973248392905180282e+00
1.504043835920110439e+01 8.575372367471658208e+00
7.275730839152210194e+00 6.723085292554824122e+00
8.145145447799647442e+00 9.313897486468196263e+00
1.007054935870084833e+01 4.886785737394820472e+00
4.597103465458977745e+00 8.656055173857332363e+00
9.181313542869201427e+00 4.705298167826375888e+00
5.451802837460800966e+00 8.987432630122064836e+00
6.540761136435452094e+00 9.880969723723898923e+00
1.077224910784791234e+01 1.154138164162030833e+01
5.250090512750073657e+00 9.436398396544992906e+00
8.661034193541876647e+00 9.399678766850788847e+00
7.707692932375577399e+00 3.720809069571994421e+00
3.402384818249355014e+00 8.677792663007387830e+00
5.345161986627165795e+00 4.081775895120372866e+00
5.805277613850541307e+00 1.072128606907003956e+01
8.907991056888672432e+00 8.968758713807496008e+00
7.534932109300124914e+00 1.156812914489179711e+01
1.000821142512821638e+01 7.502744766442873470e+00
9.690207134594608362e+00 1.071824434299517037e+01
7.618355603164814305e+00 6.792255776231188591e+00
8.134831306085347435e+00 7.554932951102433236e+00
8.306052285266222412e+00 6.011044731750652126e+00
